1|2021 Aug 30 
113|2022 Apr 2 
177|2022 Apr 12 
18|2022 May 1 
1|2021 Nov 9 
20|2022 Mar 2 
2|2021 Jul 
3|2021 Jun 29 
3|2022 Sep 
47|2022 Mar 8 
6|2021 Special Issue on COVID-19 
102|2022 Mar 11 
42|2022 Mar 13 
32|2022 Feb 25 
1|2021 Jun 26 
1|2022 Apr 29 
165|2022 Mar 25 
34|2022 Apr 10 
2|2021 Dec 10 
7|2022 Jan-Jun 
1|2022 Jan 18 
12|2022 Mar-Apr 01 
1|2021 Dec 29 
2|2022 Jan 14 
1|2022 Jan 7 
1|2022 Jan 8 
1|2021 Oct 30 
51|2022 Jan-Mar 
6|2022 Feb 14 
3|2021 Sep-Oct 
85|2022 Jan-Dec 
495|2022 Apr 
4|2022 Jun 9 
1|2022 Feb 1 
63|2022 Mar 9 
1|2021 Jun 25 
4|2021 Mar-Apr 
146|2022 Apr 13 
2|2021 Apr 
238|2022 Mar 24 
1|2021 Nov 24 
10|2022 May-Jun 
31|2022 Apr 3 
1|2021 Sep 17 
5|2022 Jul 1 
91|2021 
2|2021 May-Jun 
1|2021 Apr 1 
1|2022 Feb 12 
1|2021 Nov 3 
1|2021 Jul 1 
1|2022 May 20 
2|2021 Feb 
7|2022 Dec 31 
64|2022 Mar 12 
1|2021 Jun 17 
1|2022 May 14 
34|2022 Mar 3 
2|2022 Feb 15 
4|2021 Jun 24 
3|2021 Dec 31 
184|2022 Mar 18 
1|2021 Sep-Dec 
14|2021 Aug 
2|2021 Nov 19 
1|2022 Jan 17 
1|2023 Jan 
1|2022 Jun 14 
2|2022 Feb 5 
3|2022 Aug 1 
16|2022 Feb 17 
7|2022 Feb 21 
1|2022 Jun 30 
2|2022 3rd Quarter 
52|2022 Feb 28 
1|2021 Sep 25 
57|2022 Mar 1 
1|2021 Jun 18 
3|2022 Jan 31 
2|2022 Jan 3 
4|2022 Jul 15 
2|2022 Jan 12 
1|2022 Jun 10 
1|2022 Jan 28 
2|2020 Jul 
10|2021 Nov-Dec 
2|2021 Nov 16 
1|2022 Jan 10 
20|2022 Mar 5 
2|2021 Oct 26 
29|2022 Mar 4 
4|2022 Feb 10 
1|2021 Nov 25 
2|2021 Jul 28 
218|2022 Mar 15 
53|2022 Mar 7 
1|2022 Winter 
5|2021 May 
177|2022 Apr 11 
1|2020 Oct 
183|2022 Mar 22 
210|2022 Mar 16 
288|2022 Apr 1 
2|2021 Aug 26 
79|2022 Mar 10 
3|2022 Jun 17 
2|2022 Jan 24 
1|2021 Jun 1 
2|2021 Jan-Dec 
168|2022 Apr 8 
1|2021 Nov 23 
8|2022 Aug 
34|2022 Apr 15 
1|2021 Jun 2 
1|2022 May 10 
4|2021 Jul-Aug 
1|2021 Jan 1 
1|2022 Jan 4 
209|2022 Apr 4 
1|2021 Oct 7 
1|2021 Jun 11 
1|2021 Apr 7 
4|2022 Apr 16 
35|2022 Mar 27 
1|2022 Jan 20 
1|2021 Jul 14 
61|2022 Mar 20 
6|2022 Jun 15 
2|2021 Jul 2 
2|2021 Sep 20 
1|2022 Feb 3 
5|2021 Jul-Sep 
4|2022 Apr 19 
17|2022 Feb 22 
2|2021 Sep 30 
18|2021 Nov 
3|2022 May 30 
1|2021 Dec 14 
82|2022 Apr 9 
2|2022 Jan 13 
1|2022 Jan 25 
19|2021 Oct-Dec 
1|2021 Jan-Feb 
28|2022 Feb 23 
3|2022 Feb 9 
1|2022 Jan 26 
1|2021 Jul 27 
207|2022 Mar 30 
2|2021 Dec 25 
2|2021 Jul 19 
14|2022 May 15 
16|2022 Feb 27 
3|2022 Feb 4 
2|2021 Dec 17 
1|2022 Feb 8 
18|2022 Apr-Jun 
2|2022 Jan 21 
1|2021 May 25 
199|2022 Apr 7 
1|2022 Feb 11 
9|2020 
5|2022 Jan 27 
1|2022 Feb 16 
12|2022 Feb 18 
9|2021 Oct 
6|2021 Jul 29 
9|2022 Apr 26 
230|2022 Apr 5 
10|2021 Mar 
5|2022 Aug 5 
1|2022 Feb 2 
7|2022 Feb 7 
2|2021 Nov 17 
1|2022 Feb 20 
208|2022 Mar 17 
104|2022 Mar 19 
38|2022 Mar-Apr 
2|2021 Dec 13 
1|2021 Sep 16 
1|2022 Jan 19 
108|2022 Mar 26 
1|2022 Feb 13 
3|2022 Jan 1 
200|2022 Feb 
1|2022 May 13 
26|2022 Jan-Feb 
1353|2022 
217|2022 Mar 23 
2|2022 Apr 22 
115|2022 Jun 
5|2021 Jun 
29|2022 Jul 
2|2021 Sep 14 
1|2022 May 21 
28|2022 Feb 24 
143|2022 May 
434|2022 Mar 
18|2022 Mar 6 
2|2022 Aug 15 
4|2021 Oct 1 
1|2022 Fall 
12|2022 Jan-Apr 
1|2021 Feb 25 
1|2021 Aug 2 
14|2022 Jun 1 
8|2022 May-Jun 01 
4|2021 Dec 30 
2|2021 Nov 10 
1|2021 May 17 
2|2021 Jul 15 
45|2021 Dec 
216|2022 Apr 6 
12|2022 Apr 20 
205|2022 Mar 29 
1|2021 Aug 18 
2|2021 Sep 
1|2021 Jun 6 
241|2022 Mar 21 
1|2022 Jun 6 
21|2022 Dec 
2|2022 Apr 18 
8|2022 Spring 
2|2021 May 21 
1|2021 Jul 20 
17|2022 Feb 26 
1|2021 Nov 15 
1|2021 Dec 9 
2|2021 Jul 16 
57|2022 Jan 
248|2022 Mar 31 
64|2022 Apr 14 
3|2022 Feb 19 
232|2022 Mar 14 
202|2022 Mar 28 
10000
